$ANSIBLE_VAULT;1.1;AES256
31353439623739643636613633323233366533353136373562356637626161363966393238336531
3736363066386135376636623562346232333863323038300a326337626638643638393732353462
37663931386161393433646163616261333038613966323764343034346333346432396463386561
3932306539656532360a346337383430333239306665396164333831323235636234303935363633
37663833353433373431376339373962626265303931386235623932346162336332333262306530
38393461333566623539366664393935656363333363666264383933326263663365343162663234
63333563643665373435356134373562333135663839326334366637366339646562343135613838
35653132386438653534346634663764333537646362376664383238323937333066353238383261
30626431386339343036636262633161666164363664616634646331383437666566303739376562
35653364356331666436613338653538666164393238363063373937333930313739316632363836
333231323339303830616364386462323136
